,temp,min_temp,max_temp,temp_range
21,16.1,12.1,20.9,8.799999999999999
12,12.6,9.7,16.1,6.400000000000002
0,12.5,8.5,16.2,7.699999999999999
4,12.6,8.8,16.5,7.699999999999999
16,15.7,12.1,19.4,7.299999999999999
5,22.3,17.8,27.8,10.0
13,16.6,12.5,21.0,8.5
11,17.1,14.0,21.0,7.0
24,18.9,15.9,22.7,6.799999999999999
1,18.6,14.4,24.2,9.799999999999999
2,13.5,9.1,18.1,9.000000000000002
29,17.2,11.4,23.7,12.299999999999999
3,21.1,17.2,24.4,7.199999999999999
27,13.0,9.1,17.6,8.500000000000002
23,14.9,12.3,17.5,5.199999999999999
30,13.4,9.8,17.3,7.5
22,17.4,14.2,22.0,7.800000000000001
18,15.1,11.4,18.9,7.499999999999998
25,14.9,12.1,17.5,5.4
6,17.6,11.7,25.1,13.400000000000002
20,16.7,14.7,20.1,5.400000000000002
32,20.0,15.0,25.5,10.5
7,23.4,19.2,28.9,9.7
10,19.0,12.0,27.0,15.0
14,13.3,10.2,17.0,6.800000000000001
28,11.3,7.7,14.5,6.8
